
========================================INIT========================================

Moves made: {(4, 0), (3, 4), (4, 3), (3, 1), (3, 7), (5, 4), (4, 6), (5, 1), (5, 7), (0, 2), (0, 5), (1, 0), (1, 6), (2, 5), (1, 3), (7, 4), (6, 2), (7, 7), (6, 5), (4, 2), (4, 5), (3, 3), (5, 6), (3, 6), (5, 3), (0, 1), (0, 7), (2, 4), (1, 2), (0, 4), (2, 1), (2, 7), (1, 5), (6, 1), (6, 4), (7, 3), (6, 7), (7, 6), (3, 2), (4, 1), (4, 7), (3, 5), (5, 2), (4, 4), (0, 0), (0, 3), (2, 0), (1, 4), (0, 6), (2, 3), (1, 7), (6, 6), (7, 5), (6, 3)}
Known safes: {(4, 0), (3, 4), (4, 3), (3, 1), (3, 7), (5, 4), (4, 6), (5, 1), (5, 7), (0, 2), (0, 5), (1, 0), (1, 6), (2, 5), (1, 3), (7, 4), (6, 2), (7, 7), (6, 5), (4, 2), (4, 5), (3, 3), (5, 0), (5, 6), (3, 6), (5, 3), (0, 1), (0, 7), (2, 4), (1, 2), (0, 4), (2, 1), (2, 7), (1, 5), (6, 1), (6, 4), (7, 3), (6, 7), (7, 6), (3, 2), (4, 1), (4, 7), (3, 5), (5, 2), (4, 4), (0, 0), (0, 3), (2, 0), (1, 4), (0, 6), (2, 3), (1, 7), (6, 6), (7, 5), (6, 3)}
Known mines: {(5, 5), (7, 1), (6, 0), (1, 1), (3, 0), (2, 6), (7, 2), (2, 2)}

KNOWLEDGE BASE
    CELLS: {(7, 0), (7, 1), (7, 2)} - COUNT: 2

========================================MOVE RECORDED========================================

Moves made: {(4, 0), (3, 4), (4, 3), (3, 1), (3, 7), (5, 4), (4, 6), (5, 1), (5, 7), (0, 2), (0, 5), (1, 0), (1, 6), (2, 5), (1, 3), (7, 4), (6, 2), (7, 7), (6, 5), (4, 2), (4, 5), (3, 3), (5, 0), (5, 6), (3, 6), (5, 3), (0, 1), (0, 7), (2, 4), (1, 2), (0, 4), (2, 1), (2, 7), (1, 5), (6, 1), (6, 4), (7, 3), (6, 7), (7, 6), (3, 2), (4, 1), (4, 7), (3, 5), (5, 2), (4, 4), (0, 0), (0, 3), (2, 0), (1, 4), (0, 6), (2, 3), (1, 7), (6, 6), (7, 5), (6, 3)}
Known safes: {(4, 0), (3, 4), (4, 3), (3, 1), (3, 7), (5, 4), (4, 6), (5, 1), (5, 7), (0, 2), (0, 5), (1, 0), (1, 6), (2, 5), (1, 3), (7, 4), (6, 2), (7, 7), (6, 5), (4, 2), (4, 5), (3, 3), (5, 0), (5, 6), (3, 6), (5, 3), (0, 1), (0, 7), (2, 4), (1, 2), (0, 4), (2, 1), (2, 7), (1, 5), (6, 1), (6, 4), (7, 3), (6, 7), (7, 6), (3, 2), (4, 1), (4, 7), (3, 5), (5, 2), (4, 4), (0, 0), (0, 3), (2, 0), (1, 4), (0, 6), (2, 3), (1, 7), (6, 6), (7, 5), (6, 3)}
Known mines: {(5, 5), (7, 1), (6, 0), (1, 1), (3, 0), (2, 6), (7, 2), (2, 2)}

KNOWLEDGE BASE
    CELLS: {(7, 0), (7, 1), (7, 2)} - COUNT: 2

========================================MOVE MARKED AS SAFE========================================

Moves made: {(4, 0), (3, 4), (4, 3), (3, 1), (3, 7), (5, 4), (4, 6), (5, 1), (5, 7), (0, 2), (0, 5), (1, 0), (1, 6), (2, 5), (1, 3), (7, 4), (6, 2), (7, 7), (6, 5), (4, 2), (4, 5), (3, 3), (5, 0), (5, 6), (3, 6), (5, 3), (0, 1), (0, 7), (2, 4), (1, 2), (0, 4), (2, 1), (2, 7), (1, 5), (6, 1), (6, 4), (7, 3), (6, 7), (7, 6), (3, 2), (4, 1), (4, 7), (3, 5), (5, 2), (4, 4), (0, 0), (0, 3), (2, 0), (1, 4), (0, 6), (2, 3), (1, 7), (6, 6), (7, 5), (6, 3)}
Known safes: {(4, 0), (3, 4), (4, 3), (3, 1), (3, 7), (5, 4), (4, 6), (5, 1), (5, 7), (0, 2), (0, 5), (1, 0), (1, 6), (2, 5), (1, 3), (7, 4), (6, 2), (7, 7), (6, 5), (4, 2), (4, 5), (3, 3), (5, 0), (5, 6), (3, 6), (5, 3), (0, 1), (0, 7), (2, 4), (1, 2), (0, 4), (2, 1), (2, 7), (1, 5), (6, 1), (6, 4), (7, 3), (6, 7), (7, 6), (3, 2), (4, 1), (4, 7), (3, 5), (5, 2), (4, 4), (0, 0), (0, 3), (2, 0), (1, 4), (0, 6), (2, 3), (1, 7), (6, 6), (7, 5), (6, 3)}
Known mines: {(5, 5), (7, 1), (6, 0), (1, 1), (3, 0), (2, 6), (7, 2), (2, 2)}

KNOWLEDGE BASE
    CELLS: {(7, 0), (7, 1), (7, 2)} - COUNT: 2

========================================MOVE MARKED SAFE IN SENTENCES IN KB========================================

Moves made: {(4, 0), (3, 4), (4, 3), (3, 1), (3, 7), (5, 4), (4, 6), (5, 1), (5, 7), (0, 2), (0, 5), (1, 0), (1, 6), (2, 5), (1, 3), (7, 4), (6, 2), (7, 7), (6, 5), (4, 2), (4, 5), (3, 3), (5, 0), (5, 6), (3, 6), (5, 3), (0, 1), (0, 7), (2, 4), (1, 2), (0, 4), (2, 1), (2, 7), (1, 5), (6, 1), (6, 4), (7, 3), (6, 7), (7, 6), (3, 2), (4, 1), (4, 7), (3, 5), (5, 2), (4, 4), (0, 0), (0, 3), (2, 0), (1, 4), (0, 6), (2, 3), (1, 7), (6, 6), (7, 5), (6, 3)}
Known safes: {(4, 0), (3, 4), (4, 3), (3, 1), (3, 7), (5, 4), (4, 6), (5, 1), (5, 7), (0, 2), (0, 5), (1, 0), (1, 6), (2, 5), (1, 3), (7, 4), (6, 2), (7, 7), (6, 5), (4, 2), (4, 5), (3, 3), (5, 0), (5, 6), (3, 6), (5, 3), (0, 1), (0, 7), (2, 4), (1, 2), (0, 4), (2, 1), (2, 7), (1, 5), (6, 1), (6, 4), (7, 3), (6, 7), (7, 6), (3, 2), (4, 1), (4, 7), (3, 5), (5, 2), (4, 4), (0, 0), (0, 3), (2, 0), (1, 4), (0, 6), (2, 3), (1, 7), (6, 6), (7, 5), (6, 3)}
Known mines: {(5, 5), (7, 1), (6, 0), (1, 1), (3, 0), (2, 6), (7, 2), (2, 2)}

KNOWLEDGE BASE
    CELLS: {(7, 0), (7, 1), (7, 2)} - COUNT: 2

========================================KB UPDATE========================================

Moves made: {(4, 0), (3, 4), (4, 3), (3, 1), (3, 7), (5, 4), (4, 6), (5, 1), (5, 7), (0, 2), (0, 5), (1, 0), (1, 6), (2, 5), (1, 3), (7, 4), (6, 2), (7, 7), (6, 5), (4, 2), (4, 5), (3, 3), (5, 0), (5, 6), (3, 6), (5, 3), (0, 1), (0, 7), (2, 4), (1, 2), (0, 4), (2, 1), (2, 7), (1, 5), (6, 1), (6, 4), (7, 3), (6, 7), (7, 6), (3, 2), (4, 1), (4, 7), (3, 5), (5, 2), (4, 4), (0, 0), (0, 3), (2, 0), (1, 4), (0, 6), (2, 3), (1, 7), (6, 6), (7, 5), (6, 3)}
Known safes: {(4, 0), (3, 4), (4, 3), (3, 1), (3, 7), (5, 4), (4, 6), (5, 1), (5, 7), (0, 2), (0, 5), (1, 0), (1, 6), (2, 5), (1, 3), (7, 4), (6, 2), (7, 7), (6, 5), (4, 2), (4, 5), (3, 3), (5, 0), (5, 6), (3, 6), (5, 3), (0, 1), (0, 7), (2, 4), (1, 2), (0, 4), (2, 1), (2, 7), (1, 5), (6, 1), (6, 4), (7, 3), (6, 7), (7, 6), (3, 2), (4, 1), (4, 7), (3, 5), (5, 2), (4, 4), (0, 0), (0, 3), (2, 0), (1, 4), (0, 6), (2, 3), (1, 7), (6, 6), (7, 5), (6, 3)}
Known mines: {(5, 5), (7, 1), (6, 0), (1, 1), (3, 0), (2, 6), (7, 2), (2, 2)}

KNOWLEDGE BASE
    CELLS: {(7, 0), (7, 1), (7, 2)} - COUNT: 2

========================================SENTENCE ADDED TO KB========================================

Moves made: {(4, 0), (3, 4), (4, 3), (3, 1), (3, 7), (5, 4), (4, 6), (5, 1), (5, 7), (0, 2), (0, 5), (1, 0), (1, 6), (2, 5), (1, 3), (7, 4), (6, 2), (7, 7), (6, 5), (4, 2), (4, 5), (3, 3), (5, 0), (5, 6), (3, 6), (5, 3), (0, 1), (0, 7), (2, 4), (1, 2), (0, 4), (2, 1), (2, 7), (1, 5), (6, 1), (6, 4), (7, 3), (6, 7), (7, 6), (3, 2), (4, 1), (4, 7), (3, 5), (5, 2), (4, 4), (0, 0), (0, 3), (2, 0), (1, 4), (0, 6), (2, 3), (1, 7), (6, 6), (7, 5), (6, 3)}
Known safes: {(4, 0), (3, 4), (4, 3), (3, 1), (3, 7), (5, 4), (4, 6), (5, 1), (5, 7), (0, 2), (0, 5), (1, 0), (1, 6), (2, 5), (1, 3), (7, 4), (6, 2), (7, 7), (6, 5), (4, 2), (4, 5), (3, 3), (5, 0), (5, 6), (3, 6), (5, 3), (0, 1), (0, 7), (2, 4), (1, 2), (0, 4), (2, 1), (2, 7), (1, 5), (6, 1), (6, 4), (7, 3), (6, 7), (7, 6), (3, 2), (4, 1), (4, 7), (3, 5), (5, 2), (4, 4), (0, 0), (0, 3), (2, 0), (1, 4), (0, 6), (2, 3), (1, 7), (6, 6), (7, 5), (6, 3)}
Known mines: {(5, 5), (7, 1), (6, 0), (1, 1), (3, 0), (2, 6), (7, 2), (2, 2)}

KNOWLEDGE BASE
    CELLS: {(7, 0), (7, 1), (7, 2)} - COUNT: 2
    CELLS: {(6, 0)} - COUNT: 1

========================================KB UPDATE========================================

Moves made: {(4, 0), (3, 4), (4, 3), (3, 1), (3, 7), (5, 4), (4, 6), (5, 1), (5, 7), (0, 2), (0, 5), (1, 0), (1, 6), (2, 5), (1, 3), (7, 4), (6, 2), (7, 7), (6, 5), (4, 2), (4, 5), (3, 3), (5, 0), (5, 6), (3, 6), (5, 3), (0, 1), (0, 7), (2, 4), (1, 2), (0, 4), (2, 1), (2, 7), (1, 5), (6, 1), (6, 4), (7, 3), (6, 7), (7, 6), (3, 2), (4, 1), (4, 7), (3, 5), (5, 2), (4, 4), (0, 0), (0, 3), (2, 0), (1, 4), (0, 6), (2, 3), (1, 7), (6, 6), (7, 5), (6, 3)}
Known safes: {(4, 0), (3, 4), (4, 3), (3, 1), (3, 7), (5, 4), (4, 6), (5, 1), (5, 7), (0, 2), (0, 5), (1, 0), (1, 6), (2, 5), (1, 3), (7, 4), (6, 2), (7, 7), (6, 5), (4, 2), (4, 5), (3, 3), (5, 0), (5, 6), (3, 6), (5, 3), (0, 1), (0, 7), (2, 4), (1, 2), (0, 4), (2, 1), (2, 7), (1, 5), (6, 1), (6, 4), (7, 3), (6, 7), (7, 6), (3, 2), (4, 1), (4, 7), (3, 5), (5, 2), (4, 4), (0, 0), (0, 3), (2, 0), (1, 4), (0, 6), (2, 3), (1, 7), (6, 6), (7, 5), (6, 3)}
Known mines: {(5, 5), (7, 1), (6, 0), (1, 1), (3, 0), (2, 6), (7, 2), (2, 2)}

KNOWLEDGE BASE
    CELLS: {(7, 0), (7, 1), (7, 2)} - COUNT: 2

========================================INFERENCES ADDED TO KB========================================

Moves made: {(4, 0), (3, 4), (4, 3), (3, 1), (3, 7), (5, 4), (4, 6), (5, 1), (5, 7), (0, 2), (0, 5), (1, 0), (1, 6), (2, 5), (1, 3), (7, 4), (6, 2), (7, 7), (6, 5), (4, 2), (4, 5), (3, 3), (5, 0), (5, 6), (3, 6), (5, 3), (0, 1), (0, 7), (2, 4), (1, 2), (0, 4), (2, 1), (2, 7), (1, 5), (6, 1), (6, 4), (7, 3), (6, 7), (7, 6), (3, 2), (4, 1), (4, 7), (3, 5), (5, 2), (4, 4), (0, 0), (0, 3), (2, 0), (1, 4), (0, 6), (2, 3), (1, 7), (6, 6), (7, 5), (6, 3)}
Known safes: {(4, 0), (3, 4), (4, 3), (3, 1), (3, 7), (5, 4), (4, 6), (5, 1), (5, 7), (0, 2), (0, 5), (1, 0), (1, 6), (2, 5), (1, 3), (7, 4), (6, 2), (7, 7), (6, 5), (4, 2), (4, 5), (3, 3), (5, 0), (5, 6), (3, 6), (5, 3), (0, 1), (0, 7), (2, 4), (1, 2), (0, 4), (2, 1), (2, 7), (1, 5), (6, 1), (6, 4), (7, 3), (6, 7), (7, 6), (3, 2), (4, 1), (4, 7), (3, 5), (5, 2), (4, 4), (0, 0), (0, 3), (2, 0), (1, 4), (0, 6), (2, 3), (1, 7), (6, 6), (7, 5), (6, 3)}
Known mines: {(5, 5), (7, 1), (6, 0), (1, 1), (3, 0), (2, 6), (7, 2), (2, 2)}

KNOWLEDGE BASE
    CELLS: {(7, 0), (7, 1), (7, 2)} - COUNT: 2
    CELLS: {(7, 0), (7, 1), (7, 2)} - COUNT: 2

========================================FINAL KB UPDATE========================================

Moves made: {(4, 0), (3, 4), (4, 3), (3, 1), (3, 7), (5, 4), (4, 6), (5, 1), (5, 7), (0, 2), (0, 5), (1, 0), (1, 6), (2, 5), (1, 3), (7, 4), (6, 2), (7, 7), (6, 5), (4, 2), (4, 5), (3, 3), (5, 0), (5, 6), (3, 6), (5, 3), (0, 1), (0, 7), (2, 4), (1, 2), (0, 4), (2, 1), (2, 7), (1, 5), (6, 1), (6, 4), (7, 3), (6, 7), (7, 6), (3, 2), (4, 1), (4, 7), (3, 5), (5, 2), (4, 4), (0, 0), (0, 3), (2, 0), (1, 4), (0, 6), (2, 3), (1, 7), (6, 6), (7, 5), (6, 3)}
Known safes: {(4, 0), (3, 4), (4, 3), (3, 1), (3, 7), (5, 4), (4, 6), (5, 1), (5, 7), (0, 2), (0, 5), (1, 0), (1, 6), (2, 5), (1, 3), (7, 4), (6, 2), (7, 7), (6, 5), (4, 2), (4, 5), (3, 3), (5, 0), (5, 6), (3, 6), (5, 3), (0, 1), (0, 7), (2, 4), (1, 2), (0, 4), (2, 1), (2, 7), (1, 5), (6, 1), (6, 4), (7, 3), (6, 7), (7, 6), (3, 2), (4, 1), (4, 7), (3, 5), (5, 2), (4, 4), (0, 0), (0, 3), (2, 0), (1, 4), (0, 6), (2, 3), (1, 7), (6, 6), (7, 5), (6, 3)}
Known mines: {(5, 5), (7, 1), (6, 0), (1, 1), (3, 0), (2, 6), (7, 2), (2, 2)}

KNOWLEDGE BASE
    CELLS: {(7, 0), (7, 1), (7, 2)} - COUNT: 2
